ECCLES'IASTES'. ,111

munitiones exstruebat: 111111111111111 1111 3
be 1111 1111111111 1111111111, qui 11111111

111111111111111 111111111111111111 1111111
homo 111111111111111111111111111111111111
1111111111 11111111111111111111111,11 (111-111 16
11111111111111111111111111111111, 1111111111
1111111 1111 temper 11111. 81111111 rum quiet 117
11111 1111111 1111111111111111, 11111111111111 do·
11111111111 1111111.

11111111 11111111111111111111111111*1111118

> 1111111111 1111111111111111111111111111111111111111111
,1111111111

 

