,11111111111111111111111 ’

Π13111115111111111111111111111111 111 11111111
11111111,1111111111111111111 1111111 1111111111,
ἶ quod colligas.
1 Β111111111111111111111111111111111111111111111
, 111111111111111111111111,1ῃ1111111111111 1111111.
1²3· Q1111-111 11111111111111111111, 1111111111] 1111111-
111111111111111111111111111111111.(11111111 55d11111
1 111,1111 1111111111 111111, 1111 1111111111
1111111111 111 q110 1111111 cad 111 1111 1111111111
1111131· 11111 11111
4 (2111 1111111111 1111 11111011111111, 11111111-
111·1111111111111111111111111111,1111111111·
151
3 (111111111111111 111111,1 (11111111 11111111
11, 1111111111 1111 11111111 1111111111 111111111111,
11 11111111111111111111, 11111111 D51157 11115105
11111111 11111111 1111 11111, 11111111 11111 111111111111111,
1331111111 11111111 111 111111.
6 1111115131 11111 11111111 1111111111111,111
111111111111111111111111111111111 1111111,-
1111 11111 11111,111 illud 111111 1d5 1111111111,
-1111111111111111111111111111111111111111
1111111111.
7 11111111111111111111111111111εῆ

(111 11111 1111111 solem
Quod

 

