111111111111. 101

>111 111111111111111111111,111111111111111113111111111111
1311111111 [111111111111111 11111111,1ο11111 11116111
11111111111111111111, 11111111 1111111111 11111 [1111111111
, 111111111111111 1111111111111111,111 11111111 101est,
C1'1111 1g11111 111111111111111111111111111111 11111111
11111111111111111111111]1111111111111111111111111111
-1111111901111111111μ1111111 111-11
1111111111) 11111111 1111111111 ν111111111111113·
1111 11111,11111·1111 [11111111 11111111se1 1391111
111111 111111 1111111111] 1111111111 1111111111
1111111111111 ἓ ’

 

