332440445138'3414

. 43121334123312399

1Ρ8111111 est 8111111111 nomen, 1111111881111111 ¹
111111111111115 &dies 140341'44 quam di4s 1111
111111 ’

1 11111111 1111111111 domum lugubrem quam
44313334144 111 illa 1111111 111 exitus 11111111·
111111, 1111111111 111 11111111 111 111181111111111

4344 11111111( (1111111111 11111111, 1111111 1181 11111111

111,181111111 1111111.

4 (1111111111 1111111111 111 (1911101118111 111.
·11111(1111111111(1(11110111111111111.

5 81111 1111111111111111,1111111111111
08118 333 3333).

61111111 qualis est 1111181 3pinarumsub (11

11111111 1111111 33133343 1111111111111 pro
fe

7111 11111118 1111111111( 11111111 111, 111 11111-

11110111111111111111111111111111

8 111111 11111 1111111111 343 11111111 1111111111 mitium:
11111 1111 (111(1118111111, 11111111 1111111111( (11111111
11111

9 Ν111111111ο111111111111111111111111111111111
(1111111111εῆ 1111111111( 111111 1.111

30 Noli qu 1111111 (51111 111, quod 344441044
(11111101111111111101111111111111101111 18111,111111
111 (1111111111111111111111119 P

’ 2 334·

 

