11 11111111111111

1111113111 1111111111 17 1111, 1111111111, mom
111 am 11111111 1111111111113111, 11111111113111111 1311
1111 111111 1133111111111, 11311 in 1113111111, 131111
111111111111 1111111 11111111 111 1171181111) 013111 17,
111111 11811111 17111111 1111111 1111111 111111, 8111111
111111111111113111111113111111111111118111311131
3111111111,·13111111111111111 3111111 11117111111111, 1111111
¹37, 121 51111 1111811111, 111 11111 1111111111
3111113 1 111 1111111111113111·111111,1 cum 3111111111 111
11111131811111 3111 1111111111111101181111 11111111
ambitum 811111111111111,13111111111111“11711111111 1·1110 ²
11111113111111111111111 11111111131111111111.
1111111111111131111311181 111111111111111 3111111111111

111111 11111111 1111111111 11111111 1111111111 1111111 11171731 7173,

11111111 mmmmm, 11113111111111111111 ,
111111 1111311111111111111 occurrat 1111111 1111111, 8111
’ 11131811111111111113 111171111111111113111111111, hoclo-
11111111111111111111111Ἰ ³
11111311131111111 111131111111111 1111311 1111. ,
1111111111111111111,11110111111111;11111111111
11111 reddat 1111111111111111111113111 (1111 1111111711,
¹ 3111111711 1117111311) 113111111111111 hanc 111-
1111 rationem , quod verbum 7111131111 Arabes 81
11111111111111 11111, notionem 111111111811·
77'1117 111, 11 1111111, 11111111111111117111 1111311111·
111111111111117111111111311111111101111111111111
11111181111111111181111171131118111111811
111111111111711111111111 usurpetur, 11111· tamen fignifim·
1111111111111111111 mm 3111111111 11111111) 71311, 1111

conferri 1111111111 debet tcum 777, quemadmodum

7118111 1311111 31111111111111111Π1111111131111111111111111
1111 1111111111111711111111717.1581

0111101117117.189,211)
D777077711777 1111111111111111,13111
731111·

 

