ἢ ,1 0111111111ῑο-

1101110000 0111 11111111, &magnam 0010101100101111111
tem 00111101111,11101110 10 11011100111000010111111
1011010111111011 hos 1011011110 11111 ’0111111010 1100010,
811 11111 1101101111111,11 4 [1144J 1101111 0101100101
011111010101110, = ,
(11110111 1101116,1000011101111111101110110111,
1100111]11111101111111101011111Β11 111111
444 1000111111011000101111 10111
0110011110 1111111 100011111011111110111111110080
10001111 110111 1010111111 111101, 00010001 111 1111111 011-
1011111111 ingemo -10 111οι110000 10111111 101 11011111
’ 11001110010111011111101111,111111Ἡο011111111100-
1101111 11011001111110101101111101110110111111110110 00
00111011 111 1111111111 11111111 100111, 11 110111 10011111
’1101 1010111 0101110111.
1011100111111101, 01111011 010111111110110111111111011
0011010101,(1011101011011100101,11111111111010110
1011101111 017111 111] 001110111100111111001100111101110
10111111, 0111111111111111111Π511Ἷ1 5910110011
Ἀι111011111111110,5,9 (1011011001 111101111001-
1110111 101101111111011111110111 11011 1011111 11111101 111 10
1101111111110111111111111110010, 1011111 1111010111 , quam 1110-
do 1001110011111111110011010010 -- ¹
11111ρο110 01111111 10111111111110 01011011 111 1111011
1111100101,11111101011100100110110101111111111111
11111131101110111111101110011101111111111 0110, 1111010110,
414404 11010 munivisse, 11110111 [1111111011 majo
,10111 11110111 001101111101,11ιο 111 111 ob 0111111 01111-
0111.ιο110 11011111111111110 1000 observari 11011111,
111110 1011100111111110111111111 1110111ιο 4 1111101101οι
01110101 11111,1110011 10000111111,1 111, 01111113
. 10101ι110111111100111111111111001111011111110111
1111101101 11111111 111111,01 1101111010110110111111110
0110 1101111110111111111111111110 ab 10011110011011110
10001100111111111111011111111110111111111111011111110011

1181

 

