1111111111111 U

111 1111111 1111111 11111·.111 NUU 111111111111,1ο
1111 11111111111,11111111111,1’1111,
111111 1111111 1111111111 11111 11111111 qUU
1111111115111111,111111111,1ο1111111111111,11
1111111111111101111111, (1111111110 11111111.
(111111111111111111111111111,1111111111
11111111111111·’1111111111111111111111111111111111111
11111111
’11111111111111111111,111111111111111113·
111111111111111111,1111111111111111111111111111111111
11 11111111 1111111111111 1111111 111 vili 11111111111111Γ

11111111 11111111 1111111111 CUUUU' qui 11111111-
1111 1111111111 1111111111*

111111111111111 111111 1111111111 11111111,1]111111115·
111111111111111111111111111111,1111111111111111116
1111111 11111111 desudaverant 11, 1111 tamen
1111111111 111111111111111111111111 1111111111

 

