111 ’111111111111-11,Χ

, 1111111111111111111111

lbffimfflmmumqum

111111111111,Π111311111111111111111111111111111111
3111113311111111131111111 1111,
3111111111 111111ε1 Ἰ1111111111 11111 1111.

1ΛῊΜΜΜ1ΜΜἭ1Μ1ΜΑ11Μ

1111111111, 1111113111111111111111111111111111.

3 911111111111111111111 11111111111111111111
1111111111 111111 1111111,111 1111111111 111111 1111111 111-1
11111111,111111111111111111111111,1111111·
3111111111111111111111111111111111

4 11111111111111 11111111111111111111111,111111·
11111111 11111111 11111111 11111111. 1111111 111 11111111 ’
11111111111111111111 1111111 111111 111111·
1111111111111111111111111111.

5 (111111111111111111111111·111111111111111131111·
1111111111111, 3111111111113311111111111111 11
111111111111111 1111 1111 11111 131
(3335,- 111111111111 1111131111 1111111 111111 1111111·
11111111. Sic 11111 1111111 111 1111111111 11111111
1111111111, 1111111 1111111111111111111111 1113111-
Μ
·· Μ

 

